100 100
100
11 1 100 50
21 1 100 50
31 1 100 50
41 1 100 50
51 1 100 50
61 1 100 50
71 1 100 50
81 1 100 50
91 1 100 50
1 11 100 50
11 11 100 50
21 11 100 50
31 11 100 50
41 11 100 50
51 11 100 50
61 11 100 50
71 11 100 50
81 11 100 50
91 11 100 50
1 21 100 50
11 21 100 50
21 21 100 50
31 21 100 50
41 21 100 50
51 21 100 50
61 21 100 50
71 21 100 50
81 21 100 50
91 21 100 50
1 31 100 50
11 31 100 50
21 31 100 50
31 31 100 50
41 31 100 50
51 31 100 50
61 31 100 50
71 31 100 50
81 31 100 50
91 31 100 50
1 41 100 50
11 41 100 50
21 41 100 50
31 41 100 50
41 41 100 50
51 41 100 50
61 41 100 50
71 41 100 50
81 41 100 50
91 41 100 50
1 51 100 50
11 51 100 50
21 51 100 50
31 51 100 50
41 51 100 50
51 51 100 50
61 51 100 50
71 51 100 50
81 51 100 50
91 51 100 50
1 61 100 50
11 61 100 50
21 61 100 50
31 61 100 50
41 61 100 50
51 61 100 50
61 61 100 50
71 61 100 50
81 61 100 50
91 61 100 50
1 71 100 50
11 71 100 50
21 71 100 50
31 71 100 50
41 71 100 50
51 71 100 50
61 71 100 50
71 71 100 50
81 71 100 50
91 71 100 50
1 81 100 50
11 81 100 50
21 81 100 50
31 81 100 50
41 81 100 50
51 81 100 50
61 81 100 50
71 81 100 50
81 81 100 50
91 81 100 50
1 91 100 50
11 91 100 50
21 91 100 50
31 91 100 50
41 91 100 50
51 91 100 50
61 91 100 50
71 91 100 50
81 91 100 50
91 91 100 50
1 100 100 50
1000
27 26
52 6
31 5
64 72
33 26
87 5
29 61
56 2
82 62
42 3
29 36
77 92
1 37
10 98
32 80
40 38
1 97
86 97
20 38
95 6
66 42
39 10
41 68
35 60
68 21
23 32
91 17
33 74
41 99
48 74
81 73
17 76
99 35
46 88
64 44
68 38
83 84
25 35
75 35
67 10
40 40
14 33
41 38
97 30
45 96
99 75
32 20
44 72
45 91
37 4
61 30
35 89
66 82
92 11
79 57
7 25
31 21
32 54
4 61
45 85
33 61
59 68
42 25
36 88
49 94
76 84
85 31
64 56
55 40
60 76
75 44
16 94
8 48
44 86
16 52
65 94
52 2
77 3
83 14
21 3
13 53
68 48
92 52
12 11
97 2
95 28
90 92
35 12
17 90
4 70
4 13
91 69
82 48
92 79
39 4
90 27
71 23
46 89
29 21
96 11
2 70
58 51
7 99
3 14
99 9
80 5
94 32
34 20
18 1
79 74
81 73
21 59
81 6
33 77
70 83
77 61
58 28
93 44
81 86
90 82
16 29
20 86
31 29
24 57
55 29
59 50
54 26
19 84
71 57
15 90
41 30
8 63
75 86
97 83
49 35
44 19
7 4
72 6
71 70
65 88
80 42
44 42
78 100
51 92
71 97
91 96
21 7
93 64
54 62
48 59
32 60
75 93
18 52
66 52
64 20
23 56
79 89
38 50
53 14
29 87
95 32
92 25
81 24
60 17
44 25
28 14
80 39
25 44
72 45
49 31
49 39
10 9
13 79
83 56
19 33
17 7
95 72
53 85
31 84
63 17
14 58
34 3
56 67
78 47
70 94
14 58
64 84
89 80
67 31
63 68
80 28
60 19
61 65
10 47
51 57
71 3
42 11
79 64
5 83
51 6
74 66
60 76
1 29
3 9
28 71
80 74
41 1
15 61
44 7
46 60
92 65
62 55
40 9
93 26
57 98
96 71
36 49
48 33
90 20
54 17
71 22
82 40
46 14
29 97
34 15
92 39
59 58
81 96
40 10
74 74
21 58
10 50
35 66
60 82
96 1
90 72
21 77
18 47
56 73
99 50
79 34
53 59
18 42
59 75
71 37
23 22
51 20
54 88
74 27
68 64
80 100
100 31
94 67
81 90
35 28
58 12
92 39
19 66
80 61
4 24
63 69
28 83
47 28
9 11
81 44
48 18
25 90
44 13
3 39
33 73
88 81
50 7
30 50
76 11
2 9
79 32
64 44
5 38
33 45
43 99
19 68
68 17
19 33
70 33
3 25
81 57
6 49
63 11
69 13
22 73
2 100
98 36
48 30
10 71
12 26
20 47
68 6
93 63
11 81
54 40
93 90
52 55
78 8
17 72
57 61
57 88
68 31
39 55
45 62
31 96
77 96
26 52
22 83
23 29
23 28
25 35
31 31
53 48
10 10
51 5
67 64
41 24
5 62
33 28
17 10
26 56
41 23
5 42
86 28
84 40
55 71
10 86
25 99
24 6
98 89
25 74
61 53
51 26
82 81
57 27
97 13
36 15
63 94
61 19
77 9
33 31
28 54
27 12
53 18
17 18
78 29
11 47
26 31
49 92
28 12
19 10
12 4
23 24
78 44
75 28
54 86
21 100
99 100
82 2
5 13
91 76
27 39
38 1
84 76
7 50
56 86
6 59
69 51
12 10
23 54
30 37
78 92
95 93
52 12
60 82
1 10
48 34
100 23
46 59
45 20
72 47
91 71
42 48
81 10
55 66
53 91
91 83
18 57
67 77
59 41
78 31
33 62
84 85
42 79
14 56
51 26
2 8
32 23
84 67
17 12
9 91
84 58
21 63
72 33
41 15
47 45
30 2
79 44
33 90
7 24
86 25
57 58
65 33
75 34
7 94
94 48
92 31
36 39
55 62
37 74
89 83
28 97
63 88
43 59
63 17
78 8
14 100
78 28
87 32
95 52
78 78
83 9
42 81
82 57
69 8
74 97
88 78
24 90
10 97
24 71
73 77
14 77
100 17
67 51
97 81
69 74
14 25
80 28
30 71
9 52
95 77
27 43
4 81
67 5
100 85
65 75
61 33
49 60
26 27
10 23
40 45
39 86
34 38
59 94
22 3
63 56
56 16
29 65
38 39
87 63
68 57
78 52
26 89
10 98
26 31
20 51
82 35
54 6
56 93
65 39
69 87
11 31
63 62
31 100
8 97
19 67
42 38
57 30
5 50
93 26
47 12
33 54
45 21
17 10
23 50
83 58
11 36
88 3
81 44
44 46
23 44
75 39
19 25
58 79
78 30
5 8
35 1
94 55
42 58
68 60
84 76
73 59
34 61
40 97
32 39
80 27
52 35
95 51
44 46
99 78
56 39
71 12
60 65
21 23
70 6
1 96
68 77
37 7
15 86
22 20
67 4
38 98
14 60
57 2
4 94
58 26
20 66
6 11
22 36
66 61
22 57
71 31
59 67
3 45
21 10
59 93
98 11
85 30
91 5
66 91
5 23
5 48
17 69
33 17
60 1
86 62
42 2
48 93
54 15
59 70
69 91
50 23
90 98
90 99
81 36
34 92
77 21
36 29
41 34
96 67
85 65
59 49
100 1
76 26
57 50
25 80
66 21
22 41
85 46
67 40
25 54
23 35
28 34
82 8
25 56
56 40
45 43
63 95
61 16
93 53
92 42
98 62
70 92
62 82
41 76
14 38
10 87
17 41
22 16
26 49
89 97
17 45
18 43
36 96
54 35
9 96
62 30
76 12
34 9
89 38
100 83
12 87
57 71
17 39
77 31
22 56
80 12
32 13
80 23
13 92
96 35
31 83
85 49
6 76
42 13
91 22
22 53
88 64
26 79
37 40
11 27
83 52
18 77
92 87
15 31
53 83
90 14
37 23
10 88
49 25
27 15
1 82
23 96
45 73
42 20
89 4
1 43
63 6
99 25
20 7
90 37
67 6
63 59
33 96
4 33
76 81
5 18
47 56
67 13
41 43
62 64
29 98
36 92
29 27
28 9
47 83
1 7
57 46
62 83
72 17
70 48
25 89
14 8
6 63
64 75
71 98
25 57
70 69
45 29
21 40
84 96
30 74
73 99
6 89
29 6
92 68
50 26
44 85
94 6
56 83
80 61
96 42
47 79
46 31
65 98
95 46
51 55
37 7
54 56
53 57
41 88
98 19
95 41
86 100
100 21
11 93
79 84
12 38
65 49
27 88
17 100
63 54
23 15
8 73
76 79
41 59
29 86
35 14
35 20
30 53
30 4
34 89
45 91
21 85
98 18
12 34
79 66
5 81
76 69
10 44
22 81
88 36
21 56
99 86
22 27
96 55
88 17
100 38
14 80
87 45
28 48
81 26
83 14
92 53
61 18
35 27
76 56
11 13
10 69
81 20
79 55
85 33
36 98
73 7
71 13
15 75
34 67
67 47
83 65
68 56
99 30
58 56
12 14
93 25
47 37
34 46
66 32
82 15
5 96
11 37
77 54
58 32
56 67
10 41
77 50
14 62
5 84
29 68
19 43
39 98
81 51
59 62
2 72
48 78
80 9
47 100
34 59
86 66
69 39
99 54
55 86
33 5
20 22
16 83
25 3
65 60
36 29
63 52
93 51
63 27
68 96
36 55
83 81
24 61
9 82
75 82
11 74
68 72
98 35
80 20
76 34
25 46
47 21
47 76
42 50
25 60
44 11
77 34
58 26
40 65
75 57
75 29
1 53
31 8
92 77
15 39
68 94
56 89
68 47
29 11
81 91
32 71
27 1
67 32
45 89
59 41
82 60
44 41
57 1
4 44
57 50
3 86
78 60
65 90
59 66
46 72
61 100
39 88
59 75
74 22
83 21
22 38
5 5
83 15
75 65
52 7
29 95
94 45
8 8
42 44
33 70
44 93
37 67
52 55
7 67
38 26
16 84
16 39
80 12
39 36
29 59
50 6
16 4
29 96
86 74
13 5
89 39
61 74
98 14
97 69
78 65
50 12
10 14
84 32
88 87
82 60
17 16
28 40
77 9
31 85
32 84
29 41
13 37
39 62
48 4
52 49
80 74
37 42
39 93
20 90
85 89
61 55
67 62
40 40
55 28
18 61
91 97
41 28
17 64
100 94
53 14
38 66
86 94
81 44
58 32
81 9
24 16
38 47
88 65
20 73
34 84
29 38
47 42
12 49
37 21
70 25
66 79
29 52
28 13
39 55
15 85
10 92
19 88
26 44
53 60
87 73
8 78
99 88
81 13
17 5
100 10
46 61
43 45
72 17
20 61
77 100
78 32
5 21
70 61
61 83
64 77
66 15
19 49
77 29
14 52
86 84
79 81
10 52
86 80
70 84
18 39
76 85
51 21
17 2
76 95
64 68
48 83
26 8
43 33
38 82
12 85
33 37
79 41
48 77
67 33
40 39
40 100
60 61
64 65
98 76
10 13
22 36
58 79
1 37
73 58
42 81
3 76
21 32
99 1
48 66
31 75
11 38
32 87
7 30
59 5
